N <- 1
y <- c(1.22819583757764)